0,431
0,430
0,429
0,428
0,427
0,426
0,425
0,424
0,423
0,422
0,421
0,420
0,419
0,418
0,417
0,416
0,415
0,414
0,413
0,412
0,411
0,410
0,409
0,408
0,407
0,406
0,405
0,404
0,403
0,402
0,401
0,400
0,399
0,398
0,397
0,396
0,395
0,394
0,393
0,392
0,391
0,390
0,389
0,388
0,387
0,386
0,385
0,384
0,319
30,3
30,2
0,9
30,1
30,0
0,318
0,317
0,316
0,243
10,284
10,212
10,224
10,281
10,269
10,174
10,265
11,4
11,18
11,6
8,7
29,52
29,51
29,50
29,49
29,48
29,47
29,46
29,45
29,44
29,43
29,42
29,41
29,40
29,39
29,38
29,37
29,36
29,35
28,3
28,2
28,1
